       Lat(y)	    Long(x)	   Modified Mercalli Intensity
       -27.100      27.100         0.0001
       -27.050      27.100         0.0001
       -27.000      27.100         0.0001
       -26.950      27.100         0.0001
       -26.900      27.100         0.0001
       -26.850      27.100         0.0100
       -26.800      27.100         5.1441
       -26.750      27.100         6.0254
       -26.700      27.100         6.5807
       -26.650      27.100         6.9824
       -26.600      27.100         7.2581
       -26.550      27.100         7.4426
       -26.500      27.100         7.5621
       -26.450      27.100         7.6225
       -26.400      27.100         7.6358
       -26.350      27.100         7.5925
       -26.300      27.100         7.4949
       -26.250      27.100         7.3394
       -26.200      27.100         7.1031
       -26.150      27.100         6.7505
       -26.100      27.100         6.2123
       -26.050      27.100         5.2656
       -26.000      27.100         3.9877
       -25.950      27.100         4.4373
       -25.900      27.100         4.9552
       -25.850      27.100         5.2911
       -25.800      27.100         5.5189
       -25.750      27.100         5.6685
       -25.700      27.100         5.7573
       -25.650      27.100         5.7979
       -25.600      27.100         5.7918
       -25.550      27.100         5.7354
       -25.500      27.100         5.6391
       -25.450      27.100         5.4880
       -25.400      27.100         5.3034
       -25.350      27.100         5.0591
       -25.300      27.100         4.7241
       -25.250      27.100         4.2468
       -25.200      27.100         3.4200
       -25.150      27.100         0.0100
       -25.100      27.100         0.0100
       -25.050      27.100         0.0100
       -25.000      27.100         0.0100
       -24.950      27.100         0.0001
       -24.900      27.100         0.0001
       -27.100      27.150         0.0001
       -27.050      27.150         0.0001
       -27.000      27.150         0.0001
       -26.950      27.150         0.0001
       -26.900      27.150         0.0100
       -26.850      27.150         3.8830
       -26.800      27.150         5.6389
       -26.750      27.150         6.3938
       -26.700      27.150         6.9050
       -26.650      27.150         7.2603
       -26.600      27.150         7.5018
       -26.550      27.150         7.6679
       -26.500      27.150         7.7746
       -26.450      27.150         7.8325
       -26.400      27.150         7.8435
       -26.350      27.150         7.8055
       -26.300      27.150         7.7181
       -26.250      27.150         7.5785
       -26.200      27.150         7.3657
       -26.150      27.150         7.0670
       -26.100      27.150         6.6154
       -26.050      27.150         5.9090
       -26.000      27.150         4.8647
       -25.950      27.150         4.9100
       -25.900      27.150         5.2760
       -25.850      27.150         5.5546
       -25.800      27.150         5.7532
       -25.750      27.150         5.8880
       -25.700      27.150         5.9711
       -25.650      27.150         6.0048
       -25.600      27.150         5.9923
       -25.550      27.150         5.9370
       -25.500      27.150         5.8343
       -25.450      27.150         5.6835
       -25.400      27.150         5.5080
       -25.350      27.150         5.2743
       -25.300      27.150         4.9743
       -25.250      27.150         4.5674
       -25.200      27.150         3.9154
       -25.150      27.150         0.0100
       -25.100      27.150         0.0100
       -25.050      27.150         0.0100
       -25.000      27.150         0.0100
       -24.950      27.150         0.0001
       -24.900      27.150         0.0001
       -27.100      27.200         0.0001
       -27.050      27.200         0.0001
       -27.000      27.200         0.0001
       -26.950      27.200         0.0100
       -26.900      27.200         0.0100
       -26.850      27.200         4.7877
       -26.800      27.200         6.0096
       -26.750      27.200         6.6981
       -26.700      27.200         7.1461
       -26.650      27.200         7.4630
       -26.600      27.200         7.6836
       -26.550      27.200         7.8384
       -26.500      27.200         7.9376
       -26.450      27.200         7.9914
       -26.400      27.200         8.0009
       -26.350      27.200         7.9678
       -26.300      27.200         7.8900
       -26.250      27.200         7.7603
       -26.200      27.200         7.5661
       -26.150      27.200         7.2956
       -26.100      27.200         6.9100
       -26.050      27.200         6.3257
       -26.000      27.200         5.4355
       -25.950      27.200         5.2185
       -25.900      27.200         5.5100
       -25.850      27.200         5.7580
       -25.800      27.200         5.9355
       -25.750      27.200         6.0580
       -25.700      27.200         6.1321
       -25.650      27.200         6.1595
       -25.600      27.200         6.1431
       -25.550      27.200         6.0846
       -25.500      27.200         5.9782
       -25.450      27.200         5.8300
       -25.400      27.200         5.6539
       -25.350      27.200         5.4257
       -25.300      27.200         5.1300
       -25.250      27.200         4.7548
       -25.200      27.200         4.1977
       -25.150      27.200         2.0100
       -25.100      27.200         0.0100
       -25.050      27.200         0.0100
       -25.000      27.200         0.0100
       -24.950      27.200         0.0001
       -24.900      27.200         0.0001
       -27.100      27.250         0.0001
       -27.050      27.250         0.0100
       -27.000      27.250         0.0100
       -26.950      27.250         0.0100
       -26.900      27.250         0.0100
       -26.850      27.250         5.2300
       -26.800      27.250         6.2754
       -26.750      27.250         6.9173
       -26.700      27.250         7.3238
       -26.650      27.250         7.6126
       -26.600      27.250         7.8200
       -26.550      27.250         7.9641
       -26.500      27.250         8.0575
       -26.450      27.250         8.1076
       -26.400      27.250         8.1161
       -26.350      27.250         8.0865
       -26.300      27.250         8.0151
       -26.250      27.250         7.8941
       -26.200      27.250         7.7125
       -26.150      27.250         7.4614
       -26.100      27.250         7.1185
       -26.050      27.250         6.6104
       -26.000      27.250         5.8254
       -25.950      27.250         5.4546
       -25.900      27.250         5.6900
       -25.850      27.250         5.9071
       -25.800      27.250         6.0716
       -25.750      27.250         6.1845
       -25.700      27.250         6.2500
       -25.650      27.250         6.2717
       -25.600      27.250         6.2504
       -25.550      27.250         6.1908
       -25.500      27.250         6.0833
       -25.450      27.250         5.9324
       -25.400      27.250         5.7507
       -25.350      27.250         5.5153
       -25.300      27.250         5.2240
       -25.250      27.250         4.8590
       -25.200      27.250         4.3439
       -25.150      27.250         3.3183
       -25.100      27.250         0.0100
       -25.050      27.250         0.0100
       -25.000      27.250         0.0100
       -24.950      27.250         0.0001
       -24.900      27.250         0.0001
       -27.100      27.300         0.0100
       -27.050      27.300         0.0100
       -27.000      27.300         0.0100
       -26.950      27.300         0.0100
       -26.900      27.300         3.0100
       -26.850      27.300         5.5566
       -26.800      27.300         6.4817
       -26.750      27.300         7.0687
       -26.700      27.300         7.4495
       -26.650      27.300         7.7207
       -26.600      27.300         7.9171
       -26.550      27.300         8.0541
       -26.500      27.300         8.1420
       -26.450      27.300         8.1893
       -26.400      27.300         8.1972
       -26.350      27.300         8.1675
       -26.300      27.300         8.1007
       -26.250      27.300         7.9886
       -26.200      27.300         7.8184
       -26.150      27.300         7.5822
       -26.100      27.300         7.2606
       -26.050      27.300         6.7984
       -26.000      27.300         6.1182
       -25.950      27.300         5.6480
       -25.900      27.300         5.8250
       -25.850      27.300         6.0216
       -25.800      27.300         6.1753
       -25.750      27.300         6.2791
       -25.700      27.300         6.3382
       -25.650      27.300         6.3547
       -25.600      27.300         6.3280
       -25.550      27.300         6.2645
       -25.500      27.300         6.1533
       -25.450      27.300         6.0025
       -25.400      27.300         5.8153
       -25.350      27.300         5.5756
       -25.300      27.300         5.2766
       -25.250      27.300         4.9100
       -25.200      27.300         4.3937
       -25.150      27.300         3.6100
       -25.100      27.300         0.0100
       -25.050      27.300         0.0100
       -25.000      27.300         0.0100
       -24.950      27.300         0.0100
       -24.900      27.300         0.0001
       -27.100      27.350         0.0100
       -27.050      27.350         0.0100
       -27.000      27.350         0.0100
       -26.950      27.350         0.0100
       -26.900      27.350         4.0753
       -26.850      27.350         5.7467
       -26.800      27.350         6.6234
       -26.750      27.350         7.1676
       -26.700      27.350         7.5322
       -26.650      27.350         7.7921
       -26.600      27.350         7.9810
       -26.550      27.350         8.1109
       -26.500      27.350         8.1942
       -26.450      27.350         8.2408
       -26.400      27.350         8.2489
       -26.350      27.350         8.2189
       -26.300      27.350         8.1548
       -26.250      27.350         8.0475
       -26.200      27.350         7.8860
       -26.150      27.350         7.6586
       -26.100      27.350         7.3521
       -26.050      27.350         6.9360
       -26.000      27.350         6.3228
       -25.950      27.350         5.8114
       -25.900      27.350         5.9205
       -25.850      27.350         6.1015
       -25.800      27.350         6.2449
       -25.750      27.350         6.3400
       -25.700      27.350         6.3938
       -25.650      27.350         6.4065
       -25.600      27.350         6.3759
       -25.550      27.350         6.3044
       -25.500      27.350         6.1881
       -25.450      27.350         6.0336
       -25.400      27.350         5.8400
       -25.350      27.350         5.5966
       -25.300      27.350         5.2809
       -25.250      27.350         4.9040
       -25.200      27.350         4.3918
       -25.150      27.350         3.6282
       -25.100      27.350         0.0100
       -25.050      27.350         0.0100
       -25.000      27.350         0.0100
       -24.950      27.350         0.0100
       -24.900      27.350         0.0001
       -27.100      27.400         0.0100
       -27.050      27.400         0.0100
       -27.000      27.400         0.0100
       -26.950      27.400         3.1314
       -26.900      27.400         4.5410
       -26.850      27.400         5.8552
       -26.800      27.400         6.7125
       -26.750      27.400         7.2283
       -26.700      27.400         7.5739
       -26.650      27.400         7.8290
       -26.600      27.400         8.0147
       -26.550      27.400         8.1397
       -26.500      27.400         8.2195
       -26.450      27.400         8.2639
       -26.400      27.400         8.2735
       -26.350      27.400         8.2442
       -26.300      27.400         8.1800
       -26.250      27.400         8.0768
       -26.200      27.400         7.9218
       -26.150      27.400         7.7013
       -26.100      27.400         7.4053
       -26.050      27.400         6.9978
       -26.000      27.400         6.4383
       -25.950      27.400         5.9329
       -25.900      27.400         5.9928
       -25.850      27.400         6.1537
       -25.800      27.400         6.2863
       -25.750      27.400         6.3741
       -25.700      27.400         6.4218
       -25.650      27.400         6.4275
       -25.600      27.400         6.3923
       -25.550      27.400         6.3145
       -25.500      27.400         6.1969
       -25.450      27.400         6.0367
       -25.400      27.400         5.8335
       -25.350      27.400         5.5815
       -25.300      27.400         5.2491
       -25.250      27.400         4.8643
       -25.200      27.400         4.3646
       -25.150      27.400         3.5061
       -25.100      27.400         0.0100
       -25.050      27.400         0.0100
       -25.000      27.400         0.0100
       -24.950      27.400         0.0100
       -24.900      27.400         0.0100
       -27.100      27.450         0.0100
       -27.050      27.450         0.0100
       -27.000      27.450         3.4816
       -26.950      27.450         4.1409
       -26.900      27.450         4.8300
       -26.850      27.450         5.9184
       -26.800      27.450         6.7462
       -26.750      27.450         7.2439
       -26.700      27.450         7.5836
       -26.650      27.450         7.8368
       -26.600      27.450         8.0191
       -26.550      27.450         8.1421
       -26.500      27.450         8.2194
       -26.450      27.450         8.2627
       -26.400      27.450         8.2731
       -26.350      27.450         8.2441
       -26.300      27.450         8.1809
       -26.250      27.450         8.0792
       -26.200      27.450         7.9260
       -26.150      27.450         7.7106
       -26.100      27.450         7.4200
       -26.050      27.450         7.0239
       -26.000      27.450         6.5056
       -25.950      27.450         6.0237
       -25.900      27.450         6.0483
       -25.850      27.450         6.1856
       -25.800      27.450         6.3044
       -25.750      27.450         6.3862
       -25.700      27.450         6.4267
       -25.650      27.450         6.4269
       -25.600      27.450         6.3877
       -25.550      27.450         6.3063
       -25.500      27.450         6.1855
       -25.450      27.450         6.0196
       -25.400      27.450         5.8088
       -25.350      27.450         5.5426
       -25.300      27.450         5.2011
       -25.250      27.450         4.7664
       -25.200      27.450         4.2225
       -25.150      27.450         3.0226
       -25.100      27.450         0.0100
       -25.050      27.450         0.0100
       -25.000      27.450         0.0100
       -24.950      27.450         0.0100
       -24.900      27.450         0.0100
       -27.100      27.500         0.0100
       -27.050      27.500         3.4629
       -27.000      27.500         4.2043
       -26.950      27.500         4.6003
       -26.900      27.500         5.0737
       -26.850      27.500         5.9589
       -26.800      27.500         6.7324
       -26.750      27.500         7.2239
       -26.700      27.500         7.5632
       -26.650      27.500         7.8131
       -26.600      27.500         7.9951
       -26.550      27.500         8.1192
       -26.500      27.500         8.1971
       -26.450      27.500         8.2394
       -26.400      27.500         8.2479
       -26.350      27.500         8.2187
       -26.300      27.500         8.1568
       -26.250      27.500         8.0550
       -26.200      27.500         7.9025
       -26.150      27.500         7.6870
       -26.100      27.500         7.4021
       -26.050      27.500         7.0190
       -26.000      27.500         6.5147
       -25.950      27.500         6.0850
       -25.900      27.500         6.0836
       -25.850      27.500         6.1936
       -25.800      27.500         6.3044
       -25.750      27.500         6.3793
       -25.700      27.500         6.4139
       -25.650      27.500         6.4072
       -25.600      27.500         6.3636
       -25.550      27.500         6.2818
       -25.500      27.500         6.1595
       -25.450      27.500         5.9874
       -25.400      27.500         5.7678
       -25.350      27.500         5.4800
       -25.300      27.500         5.1163
       -25.250      27.500         4.6273
       -25.200      27.500         3.9556
       -25.150      27.500         0.0100
       -25.100      27.500         0.0100
       -25.050      27.500         0.0100
       -25.000      27.500         0.0100
       -24.950      27.500         0.0100
       -24.900      27.500         0.0100
       -27.100      27.550         2.8337
       -27.050      27.550         4.1400
       -27.000      27.550         4.6000
       -26.950      27.550         4.9485
       -26.900      27.550         5.2929
       -26.850      27.550         5.9622
       -26.800      27.550         6.6763
       -26.750      27.550         7.1700
       -26.700      27.550         7.5104
       -26.650      27.550         7.7606
       -26.600      27.550         7.9451
       -26.550      27.550         8.0719
       -26.500      27.550         8.1515
       -26.450      27.550         8.1936
       -26.400      27.550         8.2003
       -26.350      27.550         8.1719
       -26.300      27.550         8.1087
       -26.250      27.550         8.0057
       -26.200      27.550         7.8515
       -26.150      27.550         7.6368
       -26.100      27.550         7.3542
       -26.050      27.550         6.9782
       -26.000      27.550         6.4823
       -25.950      27.550         6.1218
       -25.900      27.550         6.1012
       -25.850      27.550         6.1846
       -25.800      27.550         6.2830
       -25.750      27.550         6.3546
       -25.700      27.550         6.3851
       -25.650      27.550         6.3741
       -25.600      27.550         6.3276
       -25.550      27.550         6.2413
       -25.500      27.550         6.1136
       -25.450      27.550         5.9354
       -25.400      27.550         5.7075
       -25.350      27.550         5.4160
       -25.300      27.550         5.0257
       -25.250      27.550         4.4855
       -25.200      27.550         3.6047
       -25.150      27.550         0.0100
       -25.100      27.550         0.0100
       -25.050      27.550         0.0100
       -25.000      27.550         0.0100
       -24.950      27.550         0.0100
       -24.900      27.550         0.0100
       -27.100      27.600         3.9281
       -27.050      27.600         4.5445
       -27.000      27.600         4.9190
       -26.950      27.600         5.2120
       -26.900      27.600         5.4824
       -26.850      27.600         5.9756
       -26.800      27.600         6.5926
       -26.750      27.600         7.0836
       -26.700      27.600         7.4276
       -26.650      27.600         7.6800
       -26.600      27.600         7.8670
       -26.550      27.600         7.9976
       -26.500      27.600         8.0808
       -26.450      27.600         8.1244
       -26.400      27.600         8.1305
       -26.350      27.600         8.1018
       -26.300      27.600         8.0373
       -26.250      27.600         7.9317
       -26.200      27.600         7.7750
       -26.150      27.600         7.5595
       -26.100      27.600         7.2769
       -26.050      27.600         6.9045
       -26.000      27.600         6.4351
       -25.950      27.600         6.1372
       -25.900      27.600         6.1037
       -25.850      27.600         6.1607
       -25.800      27.600         6.2430
       -25.750      27.600         6.3096
       -25.700      27.600         6.3384
       -25.650      27.600         6.3243
       -25.600      27.600         6.2727
       -25.550      27.600         6.1830
       -25.500      27.600         6.0491
       -25.450      27.600         5.8685
       -25.400      27.600         5.6295
       -25.350      27.600         5.3250
       -25.300      27.600         4.9193
       -25.250      27.600         4.3600
       -25.200      27.600         3.2866
       -25.150      27.600         0.0100
       -25.100      27.600         0.0100
       -25.050      27.600         0.0100
       -25.000      27.600         0.0100
       -24.950      27.600         0.0100
       -24.900      27.600         0.0100
       -27.100      27.650         4.3069
       -27.050      27.650         4.8290
       -27.000      27.650         5.1705
       -26.950      27.650         5.4266
       -26.900      27.650         5.6418
       -26.850      27.650         5.9951
       -26.800      27.650         6.4937
       -26.750      27.650         6.9616
       -26.700      27.650         7.3109
       -26.650      27.650         7.5708
       -26.600      27.650         7.7620
       -26.550      27.650         7.8961
       -26.500      27.650         7.9822
       -26.450      27.650         8.0286
       -26.400      27.650         8.0360
       -26.350      27.650         8.0068
       -26.300      27.650         7.9405
       -26.250      27.650         7.8329
       -26.200      27.650         7.6735
       -26.150      27.650         7.4579
       -26.100      27.650         7.1716
       -26.050      27.650         6.8062
       -26.000      27.650         6.3891
       -25.950      27.650         6.1359
       -25.900      27.650         6.0887
       -25.850      27.650         6.1187
       -25.800      27.650         6.1800
       -25.750      27.650         6.2414
       -25.700      27.650         6.2667
       -25.650      27.650         6.2532
       -25.600      27.650         6.1994
       -25.550      27.650         6.1072
       -25.500      27.650         5.9689
       -25.450      27.650         5.7827
       -25.400      27.650         5.5385
       -25.350      27.650         5.2204
       -25.300      27.650         4.8164
       -25.250      27.650         4.2667
       -25.200      27.650         2.8953
       -25.150      27.650         0.0100
       -25.100      27.650         0.0100
       -25.050      27.650         0.0100
       -25.000      27.650         0.0100
       -24.950      27.650         0.0100
       -24.900      27.650         0.0100
       -27.100      27.700         4.6038
       -27.050      27.700         5.0548
       -27.000      27.700         5.3558
       -26.950      27.700         5.5849
       -26.900      27.700         5.7708
       -26.850      27.700         6.0253
       -26.800      27.700         6.4120
       -26.750      27.700         6.8208
       -26.700      27.700         7.1613
       -26.650      27.700         7.4316
       -26.600      27.700         7.6286
       -26.550      27.700         7.7680
       -26.500      27.700         7.8569
       -26.450      27.700         7.9060
       -26.400      27.700         7.9147
       -26.350      27.700         7.8853
       -26.300      27.700         7.8181
       -26.250      27.700         7.7100
       -26.200      27.700         7.5504
       -26.150      27.700         7.3316
       -26.100      27.700         7.0466
       -26.050      27.700         6.6992
       -26.000      27.700         6.3293
       -25.950      27.700         6.1248
       -25.900      27.700         6.0478
       -25.850      27.700         6.0505
       -25.800      27.700         6.0981
       -25.750      27.700         6.1527
       -25.700      27.700         6.1743
       -25.650      27.700         6.1611
       -25.600      27.700         6.1069
       -25.550      27.700         6.0100
       -25.500      27.700         5.8685
       -25.450      27.700         5.6812
       -25.400      27.700         5.4362
       -25.350      27.700         5.1139
       -25.300      27.700         4.6862
       -25.250      27.700         4.1384
       -25.200      27.700         3.0031
       -25.150      27.700         0.0100
       -25.100      27.700         0.0100
       -25.050      27.700         0.0100
       -25.000      27.700         0.0100
       -24.950      27.700         0.0100
       -24.900      27.700         0.0100
       -27.100      27.750         4.8125
       -27.050      27.750         5.2207
       -27.000      27.750         5.4975
       -26.950      27.750         5.7115
       -26.900      27.750         5.8763
       -26.850      27.750         6.0547
       -26.800      27.750         6.3446
       -26.750      27.750         6.6769
       -26.700      27.750         6.9900
       -26.650      27.750         7.2600
       -26.600      27.750         7.4651
       -26.550      27.750         7.6106
       -26.500      27.750         7.7041
       -26.450      27.750         7.7548
       -26.400      27.750         7.7680
       -26.350      27.750         7.7408
       -26.300      27.750         7.6738
       -26.250      27.750         7.5659
       -26.200      27.750         7.4074
       -26.150      27.750         7.1943
       -26.100      27.750         6.9260
       -26.050      27.750         6.6096
       -26.000      27.750         6.3039
       -25.950      27.750         6.1018
       -25.900      27.750         5.9886
       -25.850      27.750         5.9600
       -25.800      27.750         5.9891
       -25.750      27.750         6.0412
       -25.700      27.750         6.0613
       -25.650      27.750         6.0458
       -25.600      27.750         5.9900
       -25.550      27.750         5.8927
       -25.500      27.750         5.7495
       -25.450      27.750         5.5584
       -25.400      27.750         5.3087
       -25.350      27.750         4.9800
       -25.300      27.750         4.5363
       -25.250      27.750         4.0059
       -25.200      27.750         2.7476
       -25.150      27.750         0.0100
       -25.100      27.750         0.0100
       -25.050      27.750         0.0100
       -25.000      27.750         0.0100
       -24.950      27.750         0.0100
       -24.900      27.750         0.0001
       -27.100      27.800         4.9641
       -27.050      27.800         5.3436
       -27.000      27.800         5.6096
       -26.950      27.800         5.8105
       -26.900      27.800         5.9610
       -26.850      27.800         6.0946
       -26.800      27.800         6.2976
       -26.750      27.800         6.5466
       -26.700      27.800         6.8155
       -26.650      27.800         7.0626
       -26.600      27.800         7.2679
       -26.550      27.800         7.4218
       -26.500      27.800         7.5229
       -26.450      27.800         7.5800
       -26.400      27.800         7.5983
       -26.350      27.800         7.5739
       -26.300      27.800         7.5131
       -26.250      27.800         7.4121
       -26.200      27.800         7.2636
       -26.150      27.800         7.0674
       -26.100      27.800         6.8205
       -26.050      27.800         6.5525
       -26.000      27.800         6.3031
       -25.950      27.800         6.0800
       -25.900      27.800         5.9155
       -25.850      27.800         5.8369
       -25.800      27.800         5.8476
       -25.750      27.800         5.8995
       -25.700      27.800         5.9210
       -25.650      27.800         5.9032
       -25.600      27.800         5.8455
       -25.550      27.800         5.7454
       -25.500      27.800         5.5976
       -25.450      27.800         5.4059
       -25.400      27.800         5.1552
       -25.350      27.800         4.8291
       -25.300      27.800         4.3976
       -25.250      27.800         3.7902
       -25.200      27.800         0.0100
       -25.150      27.800         0.0100
       -25.100      27.800         0.0100
       -25.050      27.800         0.0100
       -25.000      27.800         0.0100
       -24.950      27.800         0.0100
       -24.900      27.800         0.0001
       -27.100      27.850         5.0864
       -27.050      27.850         5.4365
       -27.000      27.850         5.6893
       -26.950      27.850         5.8790
       -26.900      27.850         6.0237
       -26.850      27.850         6.1344
       -26.800      27.850         6.2605
       -26.750      27.850         6.4431
       -26.700      27.850         6.6471
       -26.650      27.850         6.8567
       -26.600      27.850         7.0493
       -26.550      27.850         7.2032
       -26.500      27.850         7.3152
       -26.450      27.850         7.3829
       -26.400      27.850         7.4085
       -26.350      27.850         7.3970
       -26.300      27.850         7.3490
       -26.250      27.850         7.2611
       -26.200      27.850         7.1340
       -26.150      27.850         6.9624
       -26.100      27.850         6.7648
       -26.050      27.850         6.5489
       -26.000      27.850         6.3200
       -25.950      27.850         6.0800
       -25.900      27.850         5.8536
       -25.850      27.850         5.6921
       -25.800      27.850         5.6760
       -25.750      27.850         5.7200
       -25.700      27.850         5.7405
       -25.650      27.850         5.7259
       -25.600      27.850         5.6696
       -25.550      27.850         5.5676
       -25.500      27.850         5.4163
       -25.450      27.850         5.2264
       -25.400      27.850         4.9900
       -25.350      27.850         4.6704
       -25.300      27.850         4.2102
       -25.250      27.850         3.4683
       -25.200      27.850         0.0100
       -25.150      27.850         0.0100
       -25.100      27.850         0.0100
       -25.050      27.850         0.0100
       -25.000      27.850         0.0100
       -24.950      27.850         0.0001
       -24.900      27.850         0.0001
       -27.100      27.900         5.1522
       -27.050      27.900         5.4900
       -27.000      27.900         5.7353
       -26.950      27.900         5.9230
       -26.900      27.900         6.0638
       -26.850      27.900         6.1585
       -26.800      27.900         6.2424
       -26.750      27.900         6.3614
       -26.700      27.900         6.5051
       -26.650      27.900         6.6629
       -26.600      27.900         6.8265
       -26.550      27.900         6.9724
       -26.500      27.900         7.0914
       -26.450      27.900         7.1744
       -26.400      27.900         7.2177
       -26.350      27.900         7.2268
       -26.300      27.900         7.1993
       -26.250      27.900         7.1372
       -26.200      27.900         7.0448
       -26.150      27.900         6.9153
       -26.100      27.900         6.7618
       -26.050      27.900         6.5786
       -26.000      27.900         6.3589
       -25.950      27.900         6.1051
       -25.900      27.900         5.8252
       -25.850      27.900         5.5652
       -25.800      27.900         5.4700
       -25.750      27.900         5.4971
       -25.700      27.900         5.5191
       -25.650      27.900         5.5028
       -25.600      27.900         5.4545
       -25.550      27.900         5.3536
       -25.500      27.900         5.2018
       -25.450      27.900         5.0065
       -25.400      27.900         4.7760
       -25.350      27.900         4.4481
       -25.300      27.900         3.9155
       -25.250      27.900         3.0521
       -25.200      27.900         0.0100
       -25.150      27.900         0.0100
       -25.100      27.900         0.0100
       -25.050      27.900         0.0100
       -25.000      27.900         0.0100
       -24.950      27.900         0.0001
       -24.900      27.900         0.0001
       -27.100      27.950         5.1791
       -27.050      27.950         5.5132
       -27.000      27.950         5.7532
       -26.950      27.950         5.9371
       -26.900      27.950         6.0731
       -26.850      27.950         6.1636
       -26.800      27.950         6.2338
       -26.750      27.950         6.3024
       -26.700      27.950         6.3874
       -26.650      27.950         6.4884
       -26.600      27.950         6.6124
       -26.550      27.950         6.7595
       -26.500      27.950         6.8864
       -26.450      27.950         6.9868
       -26.400      27.950         7.0530
       -26.350      27.950         7.0859
       -26.300      27.950         7.0913
       -26.250      27.950         7.0656
       -26.200      27.950         7.0086
       -26.150      27.950         6.9184
       -26.100      27.950         6.7951
       -26.050      27.950         6.6311
       -26.000      27.950         6.4188
       -25.950      27.950         6.1537
       -25.900      27.950         5.8364
       -25.850      27.950         5.4860
       -25.800      27.950         5.2370
       -25.750      27.950         5.2234
       -25.700      27.950         5.2524
       -25.650      27.950         5.2337
       -25.600      27.950         5.1786
       -25.550      27.950         5.0813
       -25.500      27.950         4.9215
       -25.450      27.950         4.7281
       -25.400      27.950         4.4808
       -25.350      27.950         4.1088
       -25.300      27.950         3.4527
       -25.250      27.950         0.0100
       -25.200      27.950         0.0100
       -25.150      27.950         0.0100
       -25.100      27.950         0.0100
       -25.050      27.950         0.0100
       -25.000      27.950         0.0100
       -24.950      27.950         0.0001
       -24.900      27.950         0.0001
       -27.100      28.000         5.1705
       -27.050      28.000         5.4982
       -27.000      28.000         5.7428
       -26.950      28.000         5.9255
       -26.900      28.000         6.0620
       -26.850      28.000         6.1476
       -26.800      28.000         6.2117
       -26.750      28.000         6.2537
       -26.700      28.000         6.2863
       -26.650      28.000         6.3353
       -26.600      28.000         6.4465
       -26.550      28.000         6.5892
       -26.500      28.000         6.7235
       -26.450      28.000         6.8411
       -26.400      28.000         6.9410
       -26.350      28.000         7.0092
       -26.300      28.000         7.0439
       -26.250      28.000         7.0466
       -26.200      28.000         7.0146
       -26.150      28.000         6.9489
       -26.100      28.000         6.8444
       -26.050      28.000         6.6941
       -26.000      28.000         6.4882
       -25.950      28.000         6.2171
       -25.900      28.000         5.8791
       -25.850      28.000         5.4668
       -25.800      28.000         5.0256
       -25.750      28.000         4.8870
       -25.700      28.000         4.8951
       -25.650      28.000         4.8766
       -25.600      28.000         4.8178
       -25.550      28.000         4.7044
       -25.500      28.000         4.5454
       -25.450      28.000         4.3342
       -25.400      28.000         4.0412
       -25.350      28.000         3.3791
       -25.300      28.000         0.0100
       -25.250      28.000         0.0100
       -25.200      28.000         0.0100
       -25.150      28.000         0.0100
       -25.100      28.000         0.0100
       -25.050      28.000         0.0100
       -25.000      28.000         0.0100
       -24.950      28.000         0.0100
       -24.900      28.000         0.0100
       -27.100      28.050         5.1239
       -27.050      28.050         5.4569
       -27.000      28.050         5.6988
       -26.950      28.050         5.8843
       -26.900      28.050         6.0245
       -26.850      28.050         6.1138
       -26.800      28.050         6.1724
       -26.750      28.050         6.1995
       -26.700      28.050         6.2000
       -26.650      28.050         6.2093
       -26.600      28.050         6.3063
       -26.550      28.050         6.4556
       -26.500      28.050         6.6143
       -26.450      28.050         6.7645
       -26.400      28.050         6.8896
       -26.350      28.050         6.9813
       -26.300      28.050         7.0349
       -26.250      28.050         7.0570
       -26.200      28.050         7.0447
       -26.150      28.050         6.9900
       -26.100      28.050         6.8964
       -26.050      28.050         6.7537
       -26.000      28.050         6.5526
       -25.950      28.050         6.2875
       -25.900      28.050         5.9427
       -25.850      28.050         5.4882
       -25.800      28.050         4.8739
       -25.750      28.050         4.4613
       -25.700      28.050         4.3934
       -25.650      28.050         4.3202
       -25.600      28.050         4.2712
       -25.550      28.050         4.1332
       -25.500      28.050         3.9113
       -25.450      28.050         3.5827
       -25.400      28.050         2.8946
       -25.350      28.050         0.0100
       -25.300      28.050         0.0100
       -25.250      28.050         0.0100
       -25.200      28.050         0.0100
       -25.150      28.050         0.0100
       -25.100      28.050         0.0100
       -25.050      28.050         0.0100
       -25.000      28.050         0.0100
       -24.950      28.050         0.0100
       -24.900      28.050         0.0100
       -27.100      28.100         5.0316
       -27.050      28.100         5.3773
       -27.000      28.100         5.6252
       -26.950      28.100         5.8110
       -26.900      28.100         5.9539
       -26.850      28.100         6.0495
       -26.800      28.100         6.1061
       -26.750      28.100         6.1260
       -26.700      28.100         6.1182
       -26.650      28.100         6.1270
       -26.600      28.100         6.2205
       -26.550      28.100         6.3774
       -26.500      28.100         6.5566
       -26.450      28.100         6.7310
       -26.400      28.100         6.8760
       -26.350      28.100         6.9825
       -26.300      28.100         7.0518
       -26.250      28.100         7.0883
       -26.200      28.100         7.0811
       -26.150      28.100         7.0293
       -26.100      28.100         6.9385
       -26.050      28.100         6.8009
       -26.000      28.100         6.6038
       -25.950      28.100         6.3414
       -25.900      28.100         6.0031
       -25.850      28.100         5.5387
       -25.800      28.100         4.8289
       -25.750      28.100         3.7620
       -25.700      28.100         3.4154
       -25.650      28.100         2.8036
       -25.600      28.100         1.0000
       -25.550      28.100         2.4106
       -25.500      28.100         0.0100
       -25.450      28.100         0.0100
       -25.400      28.100         0.0100
       -25.350      28.100         0.0100
       -25.300      28.100         0.0100
       -25.250      28.100         0.0100
       -25.200      28.100         0.0100
       -25.150      28.100         0.0100
       -25.100      28.100         0.0100
       -25.050      28.100         0.0100
       -25.000      28.100         0.0100
       -24.950      28.100         0.0100
       -24.900      28.100         0.0100
       -27.100      28.150         4.8727
       -27.050      28.150         5.2468
       -27.000      28.150         5.5075
       -26.950      28.150         5.7058
       -26.900      28.150         5.8482
       -26.850      28.150         5.9495
       -26.800      28.150         6.0036
       -26.750      28.150         6.0251
       -26.700      28.150         6.0165
       -26.650      28.150         6.0393
       -26.600      28.150         6.1593
       -26.550      28.150         6.3366
       -26.500      28.150         6.5349
       -26.450      28.150         6.7242
       -26.400      28.150         6.8809
       -26.350      28.150         6.9940
       -26.300      28.150         7.0707
       -26.250      28.150         7.1131
       -26.200      28.150         7.1090
       -26.150      28.150         7.0552
       -26.100      28.150         6.9631
       -26.050      28.150         6.8270
       -26.000      28.150         6.6342
       -25.950      28.150         6.3778
       -25.900      28.150         6.0387
       -25.850      28.150         5.5762
       -25.800      28.150         4.8784
       -25.750      28.150         2.2600
       -25.700      28.150         0.0100
       -25.650      28.150         0.0100
       -25.600      28.150         0.0100
       -25.550      28.150         0.0100
       -25.500      28.150         0.0100
       -25.450      28.150         0.0100
       -25.400      28.150         0.0100
       -25.350      28.150         0.0100
       -25.300      28.150         0.0100
       -25.250      28.150         0.0100
       -25.200      28.150         0.0100
       -25.150      28.150         0.0100
       -25.100      28.150         0.0100
       -25.050      28.150         0.0100
       -25.000      28.150         0.0100
       -24.950      28.150         0.0100
       -24.900      28.150         0.0100
       -27.100      28.200         4.6633
       -27.050      28.200         5.0741
       -27.000      28.200         5.3478
       -26.950      28.200         5.5587
       -26.900      28.200         5.7065
       -26.850      28.200         5.8113
       -26.800      28.200         5.8642
       -26.750      28.200         5.8858
       -26.700      28.200         5.8836
       -26.650      28.200         5.9320
       -26.600      28.200         6.0909
       -26.550      28.200         6.2970
       -26.500      28.200         6.5156
       -26.450      28.200         6.7183
       -26.400      28.200         6.8800
       -26.350      28.200         6.9974
       -26.300      28.200         7.0768
       -26.250      28.200         7.1227
       -26.200      28.200         7.1185
       -26.150      28.200         7.0600
       -26.100      28.200         6.9668
       -26.050      28.200         6.8305
       -26.000      28.200         6.6417
       -25.950      28.200         6.3866
       -25.900      28.200         6.0418
       -25.850      28.200         5.5795
       -25.800      28.200         4.8860
       -25.750      28.200         0.0100
       -25.700      28.200         0.0100
       -25.650      28.200         0.0100
       -25.600      28.200         0.0100
       -25.550      28.200         0.0100
       -25.500      28.200         0.0100
       -25.450      28.200         0.0100
       -25.400      28.200         0.0100
       -25.350      28.200         0.0100
       -25.300      28.200         0.0100
       -25.250      28.200         0.0100
       -25.200      28.200         0.0100
       -25.150      28.200         0.0100
       -25.100      28.200         0.0100
       -25.050      28.200         0.0100
       -25.000      28.200         0.0100
       -24.950      28.200         0.0100
       -24.900      28.200         0.0100
       -27.100      28.250         4.3300
       -27.050      28.250         4.8213
       -27.000      28.250         5.1306
       -26.950      28.250         5.3686
       -26.900      28.250         5.5264
       -26.850      28.250         5.6296
       -26.800      28.250         5.6842
       -26.750      28.250         5.7074
       -26.700      28.250         5.7122
       -26.650      28.250         5.7950
       -26.600      28.250         5.9990
       -26.550      28.250         6.2438
       -26.500      28.250         6.4843
       -26.450      28.250         6.6950
       -26.400      28.250         6.8627
       -26.350      28.250         6.9837
       -26.300      28.250         7.0653
       -26.250      28.250         7.1075
       -26.200      28.250         7.0980
       -26.150      28.250         7.0404
       -26.100      28.250         6.9483
       -26.050      28.250         6.8112
       -26.000      28.250         6.6179
       -25.950      28.250         6.3567
       -25.900      28.250         6.0164
       -25.850      28.250         5.5449
       -25.800      28.250         4.7965
       -25.750      28.250         0.0100
       -25.700      28.250         0.0100
       -25.650      28.250         0.0100
       -25.600      28.250         0.0100
       -25.550      28.250         0.0100
       -25.500      28.250         0.0100
       -25.450      28.250         0.0100
       -25.400      28.250         0.0100
       -25.350      28.250         0.0100
       -25.300      28.250         0.0100
       -25.250      28.250         0.0100
       -25.200      28.250         0.0100
       -25.150      28.250         0.0100
       -25.100      28.250         0.0100
       -25.050      28.250         0.0100
       -25.000      28.250         0.0100
       -24.950      28.250         0.0100
       -24.900      28.250         0.0100
       -27.100      28.300         3.7363
       -27.050      28.300         4.4591
       -27.000      28.300         4.8365
       -26.950      28.300         5.1148
       -26.900      28.300         5.2935
       -26.850      28.300         5.3975
       -26.800      28.300         5.4553
       -26.750      28.300         5.4867
       -26.700      28.300         5.4995
       -26.650      28.300         5.6185
       -26.600      28.300         5.8746
       -26.550      28.300         6.1669
       -26.500      28.300         6.4234
       -26.450      28.300         6.6444
       -26.400      28.300         6.8182
       -26.350      28.300         6.9435
       -26.300      28.300         7.0255
       -26.250      28.300         7.0613
       -26.200      28.300         7.0491
       -26.150      28.300         6.9956
       -26.100      28.300         6.9023
       -26.050      28.300         6.7600
       -26.000      28.300         6.5604
       -25.950      28.300         6.2949
       -25.900      28.300         5.9608
       -25.850      28.300         5.4677
       -25.800      28.300         4.6792
       -25.750      28.300         2.6896
       -25.700      28.300         0.0100
       -25.650      28.300         0.0100
       -25.600      28.300         0.0100
       -25.550      28.300         0.0100
       -25.500      28.300         0.0100
       -25.450      28.300         0.0100
       -25.400      28.300         0.0100
       -25.350      28.300         0.0100
       -25.300      28.300         0.0100
       -25.250      28.300         0.0100
       -25.200      28.300         0.0100
       -25.150      28.300         0.0100
       -25.100      28.300         0.0100
       -25.050      28.300         0.0100
       -25.000      28.300         0.0100
       -24.950      28.300         0.0100
       -24.900      28.300         0.0100
       -27.100      28.350         2.8176
       -27.050      28.350         3.9841
       -27.000      28.350         4.4460
       -26.950      28.350         4.7593
       -26.900      28.350         4.9817
       -26.850      28.350         5.1095
       -26.800      28.350         5.1837
       -26.750      28.350         5.2282
       -26.700      28.350         5.2512
       -26.650      28.350         5.4036
       -26.600      28.350         5.7310
       -26.550      28.350         6.0586
       -26.500      28.350         6.3335
       -26.450      28.350         6.5664
       -26.400      28.350         6.7479
       -26.350      28.350         6.8770
       -26.300      28.350         6.9577
       -26.250      28.350         6.9900
       -26.200      28.350         6.9776
       -26.150      28.350         6.9234
       -26.100      28.350         6.8266
       -26.050      28.350         6.6797
       -26.000      28.350         6.4751
       -25.950      28.350         6.2057
       -25.900      28.350         5.8555
       -25.850      28.350         5.3515
       -25.800      28.350         4.5909
       -25.750      28.350         3.4781
       -25.700      28.350         0.0100
       -25.650      28.350         0.0100
       -25.600      28.350         0.0100
       -25.550      28.350         0.0100
       -25.500      28.350         0.0100
       -25.450      28.350         0.0100
       -25.400      28.350         0.0100
       -25.350      28.350         0.0100
       -25.300      28.350         0.0100
       -25.250      28.350         0.0100
       -25.200      28.350         0.0100
       -25.150      28.350         0.0100
       -25.100      28.350         0.0100
       -25.050      28.350         0.0100
       -25.000      28.350         0.0100
       -24.950      28.350         0.0100
       -24.900      28.350         0.0100
       -27.100      28.400         0.0100
       -27.050      28.400         3.1889
       -27.000      28.400         3.9500
       -26.950      28.400         4.3175
       -26.900      28.400         4.5912
       -26.850      28.400         4.7482
       -26.800      28.400         4.8546
       -26.750      28.400         4.9000
       -26.700      28.400         4.9593
       -26.650      28.400         5.1806
       -26.600      28.400         5.5641
       -26.550      28.400         5.9267
       -26.500      28.400         6.2211
       -26.450      28.400         6.4653
       -26.400      28.400         6.6520
       -26.350      28.400         6.7834
       -26.300      28.400         6.8644
       -26.250      28.400         6.8974
       -26.200      28.400         6.8837
       -26.150      28.400         6.8279
       -26.100      28.400         6.7259
       -26.050      28.400         6.5721
       -26.000      28.400         6.3600
       -25.950      28.400         6.0834
       -25.900      28.400         5.7178
       -25.850      28.400         5.2191
       -25.800      28.400         4.5538
       -25.750      28.400         4.0469
       -25.700      28.400         3.1956
       -25.650      28.400         0.0100
       -25.600      28.400         0.0100
       -25.550      28.400         0.0100
       -25.500      28.400         0.0100
       -25.450      28.400         0.0100
       -25.400      28.400         0.0100
       -25.350      28.400         0.0100
       -25.300      28.400         0.0100
       -25.250      28.400         0.0100
       -25.200      28.400         0.0100
       -25.150      28.400         0.0100
       -25.100      28.400         2.4031
       -25.050      28.400         2.3600
       -25.000      28.400         2.8171
       -24.950      28.400         0.0100
       -24.900      28.400         0.0100
       -27.100      28.450         0.0100
       -27.050      28.450         0.0100
       -27.000      28.450         3.2529
       -26.950      28.450         3.7793
       -26.900      28.450         4.1305
       -26.850      28.450         4.3446
       -26.800      28.450         4.5313
       -26.750      28.450         4.6333
       -26.700      28.450         4.7341
       -26.650      28.450         4.9932
       -26.600      28.450         5.3783
       -26.550      28.450         5.7681
       -26.500      28.450         6.0946
       -26.450      28.450         6.3511
       -26.400      28.450         6.5406
       -26.350      28.450         6.6694
       -26.300      28.450         6.7500
       -26.250      28.450         6.7849
       -26.200      28.450         6.7690
       -26.150      28.450         6.7100
       -26.100      28.450         6.6058
       -26.050      28.450         6.4516
       -26.000      28.450         6.2387
       -25.950      28.450         5.9587
       -25.900      28.450         5.5963
       -25.850      28.450         5.1300
       -25.800      28.450         4.6620
       -25.750      28.450         4.4018
       -25.700      28.450         4.0876
       -25.650      28.450         3.5668
       -25.600      28.450         2.8156
       -25.550      28.450         0.0100
       -25.500      28.450         0.0100
       -25.450      28.450         0.0100
       -25.400      28.450         0.0100
       -25.350      28.450         0.0100
       -25.300      28.450         0.0100
       -25.250      28.450         0.0100
       -25.200      28.450         0.0100
       -25.150      28.450         0.0100
       -25.100      28.450         2.3600
       -25.050      28.450         3.1329
       -25.000      28.450         2.7700
       -24.950      28.450         0.0100
       -24.900      28.450         0.0100
       -27.100      28.500         0.0100
       -27.050      28.500         0.0100
       -27.000      28.500         0.0100
       -26.950      28.500         3.5100
       -26.900      28.500         3.9311
       -26.850      28.500         4.1225
       -26.800      28.500         4.3063
       -26.750      28.500         4.4925
       -26.700      28.500         4.6831
       -26.650      28.500         4.9254
       -26.600      28.500         5.2704
       -26.550      28.500         5.6474
       -26.500      28.500         5.9723
       -26.450      28.500         6.2300
       -26.400      28.500         6.4182
       -26.350      28.500         6.5450
       -26.300      28.500         6.6236
       -26.250      28.500         6.6583
       -26.200      28.500         6.6435
       -26.150      28.500         6.5848
       -26.100      28.500         6.4824
       -26.050      28.500         6.3322
       -26.000      28.500         6.1283
       -25.950      28.500         5.8633
       -25.900      28.500         5.5330
       -25.850      28.500         5.1917
       -25.800      28.500         4.9700
       -25.750      28.500         4.7789
       -25.700      28.500         4.5861
       -25.650      28.500         4.3686
       -25.600      28.500         4.0761
       -25.550      28.500         3.7880
       -25.500      28.500         3.1531
       -25.450      28.500         0.0100
       -25.400      28.500         0.0100
       -25.350      28.500         0.0100
       -25.300      28.500         0.0100
       -25.250      28.500         0.0100
       -25.200      28.500         0.0100
       -25.150      28.500         0.0100
       -25.100      28.500         2.9600
       -25.050      28.500         3.1100
       -25.000      28.500         3.0116
       -24.950      28.500         0.0100
       -24.900      28.500         0.0100
       -27.100      28.550         0.0100
       -27.050      28.550         0.0100
       -27.000      28.550         0.0100
       -26.950      28.550         3.6615
       -26.900      28.550         4.0590
       -26.850      28.550         4.2470
       -26.800      28.550         4.4368
       -26.750      28.550         4.6188
       -26.700      28.550         4.8090
       -26.650      28.550         5.0181
       -26.600      28.550         5.3073
       -26.550      28.550         5.6041
       -26.500      28.550         5.8861
       -26.450      28.550         6.1252
       -26.400      28.550         6.3050
       -26.350      28.550         6.4281
       -26.300      28.550         6.5011
       -26.250      28.550         6.5352
       -26.200      28.550         6.5234
       -26.150      28.550         6.4683
       -26.100      28.550         6.3749
       -26.050      28.550         6.2363
       -26.000      28.550         6.0540
       -25.950      28.550         5.8358
       -25.900      28.550         5.5935
       -25.850      28.550         5.4030
       -25.800      28.550         5.2644
       -25.750      28.550         5.1264
       -25.700      28.550         4.9735
       -25.650      28.550         4.8188
       -25.600      28.550         4.6178
       -25.550      28.550         4.3888
       -25.500      28.550         4.1148
       -25.450      28.550         3.6015
       -25.400      28.550         0.0100
       -25.350      28.550         0.0100
       -25.300      28.550         0.0100
       -25.250      28.550         0.0100
       -25.200      28.550         0.0100
       -25.150      28.550         2.9231
       -25.100      28.550         2.7298
       -25.050      28.550         2.1600
       -25.000      28.550         0.0100
       -24.950      28.550         0.0100
       -24.900      28.550         0.0100
       -27.100      28.600         0.0100
       -27.050      28.600         0.0100
       -27.000      28.600         3.6563
       -26.950      28.600         4.1430
       -26.900      28.600         4.3972
       -26.850      28.600         4.5427
       -26.800      28.600         4.7082
       -26.750      28.600         4.8853
       -26.700      28.600         5.0474
       -26.650      28.600         5.2354
       -26.600      28.600         5.4462
       -26.550      28.600         5.6609
       -26.500      28.600         5.8750
       -26.450      28.600         6.0664
       -26.400      28.600         6.2219
       -26.350      28.600         6.3341
       -26.300      28.600         6.4048
       -26.250      28.600         6.4377
       -26.200      28.600         6.4271
       -26.150      28.600         6.3853
       -26.100      28.600         6.3046
       -26.050      28.600         6.1877
       -26.000      28.600         6.0439
       -25.950      28.600         5.8928
       -25.900      28.600         5.7587
       -25.850      28.600         5.6462
       -25.800      28.600         5.5357
       -25.750      28.600         5.4300
       -25.700      28.600         5.3020
       -25.650      28.600         5.1634
       -25.600      28.600         4.9920
       -25.550      28.600         4.7675
       -25.500      28.600         4.5298
       -25.450      28.600         4.2469
       -25.400      28.600         3.7997
       -25.350      28.600         3.2100
       -25.300      28.600         0.0100
       -25.250      28.600         0.0100
       -25.200      28.600         1.9600
       -25.150      28.600         2.9100
       -25.100      28.600         3.0680
       -25.050      28.600         2.7100
       -25.000      28.600         0.0100
       -24.950      28.600         0.0100
       -24.900      28.600         0.0100
       -27.100      28.650         0.0100
       -27.050      28.650         3.7855
       -27.000      28.650         4.2400
       -26.950      28.650         4.5317
       -26.900      28.650         4.7187
       -26.850      28.650         4.8552
       -26.800      28.650         5.0000
       -26.750      28.650         5.1523
       -26.700      28.650         5.3024
       -26.650      28.650         5.4632
       -26.600      28.650         5.6244
       -26.550      28.650         5.7839
       -26.500      28.650         5.9355
       -26.450      28.650         6.0727
       -26.400      28.650         6.1958
       -26.350      28.650         6.2900
       -26.300      28.650         6.3512
       -26.250      28.650         6.3743
       -26.200      28.650         6.3681
       -26.150      28.650         6.3413
       -26.100      28.650         6.2807
       -26.050      28.650         6.1988
       -26.000      28.650         6.1020
       -25.950      28.650         6.0130
       -25.900      28.650         5.9351
       -25.850      28.650         5.8548
       -25.800      28.650         5.7678
       -25.750      28.650         5.6689
       -25.700      28.650         5.5580
       -25.650      28.650         5.4300
       -25.600      28.650         5.2700
       -25.550      28.650         5.0727
       -25.500      28.650         4.8490
       -25.450      28.650         4.5973
       -25.400      28.650         4.2769
       -25.350      28.650         3.9048
       -25.300      28.650         3.3940
       -25.250      28.650         2.6968
       -25.200      28.650         2.9176
       -25.150      28.650         3.4497
       -25.100      28.650         3.4957
       -25.050      28.650         3.1600
       -25.000      28.650         2.1996
       -24.950      28.650         0.0100
       -24.900      28.650         0.0100
       -27.100      28.700         3.6147
       -27.050      28.700         4.2514
       -27.000      28.700         4.5667
       -26.950      28.700         4.8053
       -26.900      28.700         4.9727
       -26.850      28.700         5.1204
       -26.800      28.700         5.2527
       -26.750      28.700         5.3882
       -26.700      28.700         5.5225
       -26.650      28.700         5.6653
       -26.600      28.700         5.7967
       -26.550      28.700         5.9200
       -26.500      28.700         6.0295
       -26.450      28.700         6.1335
       -26.400      28.700         6.2192
       -26.350      28.700         6.2857
       -26.300      28.700         6.3296
       -26.250      28.700         6.3523
       -26.200      28.700         6.3567
       -26.150      28.700         6.3352
       -26.100      28.700         6.2955
       -26.050      28.700         6.2454
       -26.000      28.700         6.1951
       -25.950      28.700         6.1441
       -25.900      28.700         6.0875
       -25.850      28.700         6.0245
       -25.800      28.700         5.9552
       -25.750      28.700         5.8650
       -25.700      28.700         5.7674
       -25.650      28.700         5.6494
       -25.600      28.700         5.4947
       -25.550      28.700         5.3056
       -25.500      28.700         5.0828
       -25.450      28.700         4.8289
       -25.400      28.700         4.5631
       -25.350      28.700         4.2545
       -25.300      28.700         3.9126
       -25.250      28.700         3.5562
       -25.200      28.700         2.7267
       -25.150      28.700         3.2867
       -25.100      28.700         3.4087
       -25.050      28.700         3.0600
       -25.000      28.700         0.0100
       -24.950      28.700         0.0100
       -24.900      28.700         0.0100
       -27.100      28.750         4.1254
       -27.050      28.750         4.5426
       -27.000      28.750         4.8092
       -26.950      28.750         5.0291
       -26.900      28.750         5.1908
       -26.850      28.750         5.3300
       -26.800      28.750         5.4600
       -26.750      28.750         5.5900
       -26.700      28.750         5.7134
       -26.650      28.750         5.8346
       -26.600      28.750         5.9447
       -26.550      28.750         6.0414
       -26.500      28.750         6.1279
       -26.450      28.750         6.2036
       -26.400      28.750         6.2655
       -26.350      28.750         6.3118
       -26.300      28.750         6.3434
       -26.250      28.750         6.3591
       -26.200      28.750         6.3627
       -26.150      28.750         6.3535
       -26.100      28.750         6.3358
       -26.050      28.750         6.3114
       -26.000      28.750         6.2860
       -25.950      28.750         6.2537
       -25.900      28.750         6.2144
       -25.850      28.750         6.1654
       -25.800      28.750         6.1080
       -25.750      28.750         6.0300
       -25.700      28.750         5.9371
       -25.650      28.750         5.8220
       -25.600      28.750         5.6793
       -25.550      28.750         5.4964
       -25.500      28.750         5.2818
       -25.450      28.750         5.0320
       -25.400      28.750         4.7600
       -25.350      28.750         4.4627
       -25.300      28.750         4.1486
       -25.250      28.750         3.7400
       -25.200      28.750         3.0918
       -25.150      28.750         2.0600
       -25.100      28.750         2.7364
       -25.050      28.750         2.7561
       -25.000      28.750         0.0100
       -24.950      28.750         0.0100
       -24.900      28.750         0.0100
       -27.100      28.800         4.3874
       -27.050      28.800         4.7502
       -27.000      28.800         4.9919
       -26.950      28.800         5.2089
       -26.900      28.800         5.3666
       -26.850      28.800         5.5026
       -26.800      28.800         5.6263
       -26.750      28.800         5.7540
       -26.700      28.800         5.8685
       -26.650      28.800         5.9774
       -26.600      28.800         6.0675
       -26.550      28.800         6.1455
       -26.500      28.800         6.2133
       -26.450      28.800         6.2694
       -26.400      28.800         6.3109
       -26.350      28.800         6.3423
       -26.300      28.800         6.3649
       -26.250      28.800         6.3782
       -26.200      28.800         6.3831
       -26.150      28.800         6.3836
       -26.100      28.800         6.3781
       -26.050      28.800         6.3700
       -26.000      28.800         6.3574
       -25.950      28.800         6.3418
       -25.900      28.800         6.3196
       -25.850      28.800         6.2860
       -25.800      28.800         6.2377
       -25.750      28.800         6.1678
       -25.700      28.800         6.0785
       -25.650      28.800         5.9657
       -25.600      28.800         5.8284
       -25.550      28.800         5.6490
       -25.500      28.800         5.4378
       -25.450      28.800         5.1852
       -25.400      28.800         4.9067
       -25.350      28.800         4.6190
       -25.300      28.800         4.3400
       -25.250      28.800         3.8950
       -25.200      28.800         3.2154
       -25.150      28.800         0.0100
       -25.100      28.800         0.0100
       -25.050      28.800         0.0100
       -25.000      28.800         0.0100
       -24.950      28.800         0.0100
       -24.900      28.800         0.0100
       -27.100      28.850         4.5869
       -27.050      28.850         4.9150
       -27.000      28.850         5.1533
       -26.950      28.850         5.3527
       -26.900      28.850         5.5060
       -26.850      28.850         5.6424
       -26.800      28.850         5.7672
       -26.750      28.850         5.8900
       -26.700      28.850         5.9966
       -26.650      28.850         6.0889
       -26.600      28.850         6.1652
       -26.550      28.850         6.2276
       -26.500      28.850         6.2797
       -26.450      28.850         6.3192
       -26.400      28.850         6.3466
       -26.350      28.850         6.3657
       -26.300      28.850         6.3804
       -26.250      28.850         6.3900
       -26.200      28.850         6.3970
       -26.150      28.850         6.4038
       -26.100      28.850         6.4087
       -26.050      28.850         6.4141
       -26.000      28.850         6.4185
       -25.950      28.850         6.4175
       -25.900      28.850         6.4064
       -25.850      28.850         6.3852
       -25.800      28.850         6.3475
       -25.750      28.850         6.2864
       -25.700      28.850         6.1996
       -25.650      28.850         6.0855
       -25.600      28.850         5.9476
       -25.550      28.850         5.7690
       -25.500      28.850         5.5538
       -25.450      28.850         5.3043
       -25.400      28.850         5.0100
       -25.350      28.850         4.6913
       -25.300      28.850         4.3822
       -25.250      28.850         3.9979
       -25.200      28.850         3.2156
       -25.150      28.850         0.0100
       -25.100      28.850         0.0100
       -25.050      28.850         0.0100
       -25.000      28.850         0.0100
       -24.950      28.850         0.0100
       -24.900      28.850         0.0100
       -27.100      28.900         4.7436
       -27.050      28.900         5.0400
       -27.000      28.900         5.2719
       -26.950      28.900         5.4641
       -26.900      28.900         5.6209
       -26.850      28.900         5.7575
       -26.800      28.900         5.8814
       -26.750      28.900         5.9974
       -26.700      28.900         6.0953
       -26.650      28.900         6.1777
       -26.600      28.900         6.2432
       -26.550      28.900         6.2925
       -26.500      28.900         6.3280
       -26.450      28.900         6.3525
       -26.400      28.900         6.3683
       -26.350      28.900         6.3788
       -26.300      28.900         6.3857
       -26.250      28.900         6.3911
       -26.200      28.900         6.4000
       -26.150      28.900         6.4165
       -26.100      28.900         6.4341
       -26.050      28.900         6.4511
       -26.000      28.900         6.4675
       -25.950      28.900         6.4796
       -25.900      28.900         6.4800
       -25.850      28.900         6.4694
       -25.800      28.900         6.4400
       -25.750      28.900         6.3873
       -25.700      28.900         6.3032
       -25.650      28.900         6.1900
       -25.600      28.900         6.0472
       -25.550      28.900         5.8673
       -25.500      28.900         5.6469
       -25.450      28.900         5.3888
       -25.400      28.900         5.0716
       -25.350      28.900         4.7371
       -25.300      28.900         4.3698
       -25.250      28.900         3.9729
       -25.200      28.900         3.1100
       -25.150      28.900         0.0100
       -25.100      28.900         0.0100
       -25.050      28.900         0.0100
       -25.000      28.900         0.0100
       -24.950      28.900         0.0100
       -24.900      28.900         0.0100
       -27.100      28.950         4.8394
       -27.050      28.950         5.1316
       -27.000      28.950         5.3655
       -26.950      28.950         5.5500
       -26.900      28.950         5.7086
       -26.850      28.950         5.8432
       -26.800      28.950         5.9690
       -26.750      28.950         6.0795
       -26.700      28.950         6.1720
       -26.650      28.950         6.2458
       -26.600      28.950         6.3015
       -26.550      28.950         6.3393
       -26.500      28.950         6.3638
       -26.450      28.950         6.3764
       -26.400      28.950         6.3823
       -26.350      28.950         6.3842
       -26.300      28.950         6.3864
       -26.250      28.950         6.3911
       -26.200      28.950         6.4044
       -26.150      28.950         6.4276
       -26.100      28.950         6.4551
       -26.050      28.950         6.4827
       -26.000      28.950         6.5096
       -25.950      28.950         6.5319
       -25.900      28.950         6.5432
       -25.850      28.950         6.5400
       -25.800      28.950         6.5178
       -25.750      28.950         6.4705
       -25.700      28.950         6.3908
       -25.650      28.950         6.2800
       -25.600      28.950         6.1328
       -25.550      28.950         5.9455
       -25.500      28.950         5.7186
       -25.450      28.950         5.4500
       -25.400      28.950         5.1125
       -25.350      28.950         4.7400
       -25.300      28.950         4.3113
       -25.250      28.950         3.8349
       -25.200      28.950         2.9670
       -25.150      28.950         0.0100
       -25.100      28.950         0.0100
       -25.050      28.950         0.0100
       -25.000      28.950         0.0100
       -24.950      28.950         0.0100
       -24.900      28.950         0.0100
       -27.100      29.000         4.9046
       -27.050      29.000         5.1971
       -27.000      29.000         5.4310
       -26.950      29.000         5.6163
       -26.900      29.000         5.7719
       -26.850      29.000         5.9064
       -26.800      29.000         6.0324
       -26.750      29.000         6.1400
       -26.700      29.000         6.2296
       -26.650      29.000         6.2988
       -26.600      29.000         6.3472
       -26.550      29.000         6.3742
       -26.500      29.000         6.3888
       -26.450      29.000         6.3921
       -26.400      29.000         6.3900
       -26.350      29.000         6.3868
       -26.300      29.000         6.3885
       -26.250      29.000         6.3972
       -26.200      29.000         6.4157
       -26.150      29.000         6.4439
       -26.100      29.000         6.4786
       -26.050      29.000         6.5157
       -26.000      29.000         6.5503
       -25.950      29.000         6.5794
       -25.900      29.000         6.5981
       -25.850      29.000         6.6030
       -25.800      29.000         6.5863
       -25.750      29.000         6.5400
       -25.700      29.000         6.4612
       -25.650      29.000         6.3504
       -25.600      29.000         6.1992
       -25.550      29.000         6.0077
       -25.500      29.000         5.7705
       -25.450      29.000         5.4894
       -25.400      29.000         5.1245
       -25.350      29.000         4.6931
       -25.300      29.000         4.1879
       -25.250      29.000         3.4840
       -25.200      29.000         0.0100
       -25.150      29.000         0.0100
       -25.100      29.000         0.0100
       -25.050      29.000         0.0100
       -25.000      29.000         0.0100
       -24.950      29.000         0.0100
       -24.900      29.000         0.0100
       -27.100      29.050         4.9300
       -27.050      29.050         5.2269
       -27.000      29.050         5.4708
       -26.950      29.050         5.6525
       -26.900      29.050         5.8107
       -26.850      29.050         5.9449
       -26.800      29.050         6.0716
       -26.750      29.050         6.1794
       -26.700      29.050         6.2687
       -26.650      29.050         6.3347
       -26.600      29.050         6.3783
       -26.550      29.050         6.3983
       -26.500      29.050         6.4059
       -26.450      29.050         6.4029
       -26.400      29.050         6.3964
       -26.350      29.050         6.3918
       -26.300      29.050         6.3960
       -26.250      29.050         6.4097
       -26.200      29.050         6.4341
       -26.150      29.050         6.4675
       -26.100      29.050         6.5081
       -26.050      29.050         6.5506
       -26.000      29.050         6.5912
       -25.950      29.050         6.6259
       -25.900      29.050         6.6500
       -25.850      29.050         6.6579
       -25.800      29.050         6.6437
       -25.750      29.050         6.5982
       -25.700      29.050         6.5200
       -25.650      29.050         6.4072
       -25.600      29.050         6.2524
       -25.550      29.050         6.0523
       -25.500      29.050         5.8057
       -25.450      29.050         5.5029
       -25.400      29.050         5.1141
       -25.350      29.050         4.6320
       -25.300      29.050         4.0206
       -25.250      29.050         2.5100
       -25.200      29.050         0.0100
       -25.150      29.050         0.0100
       -25.100      29.050         0.0100
       -25.050      29.050         0.0100
       -25.000      29.050         0.0100
       -24.950      29.050         0.0100
       -24.900      29.050         0.0100
       -27.100      29.100         4.9250
       -27.050      29.100         5.2173
       -27.000      29.100         5.4533
       -26.950      29.100         5.6465
       -26.900      29.100         5.8120
       -26.850      29.100         5.9525
       -26.800      29.100         6.0800
       -26.750      29.100         6.1896
       -26.700      29.100         6.2784
       -26.650      29.100         6.3426
       -26.600      29.100         6.3818
       -26.550      29.100         6.4000
       -26.500      29.100         6.4058
       -26.450      29.100         6.4011
       -26.400      29.100         6.3935
       -26.350      29.100         6.3900
       -26.300      29.100         6.3987
       -26.250      29.100         6.4179
       -26.200      29.100         6.4478
       -26.150      29.100         6.4854
       -26.100      29.100         6.5292
       -26.050      29.100         6.5742
       -26.000      29.100         6.6178
       -25.950      29.100         6.6549
       -25.900      29.100         6.6804
       -25.850      29.100         6.6877
       -25.800      29.100         6.6747
       -25.750      29.100         6.6296
       -25.700      29.100         6.5521
       -25.650      29.100         6.4393
       -25.600      29.100         6.2814
       -25.550      29.100         6.0741
       -25.500      29.100         5.8163
       -25.450      29.100         5.4960
       -25.400      29.100         5.0972
       -25.350      29.100         4.5635
       -25.300      29.100         3.7027
       -25.250      29.100         0.0100
       -25.200      29.100         0.0100
       -25.150      29.100         0.0100
       -25.100      29.100         0.0100
       -25.050      29.100         0.0100
       -25.000      29.100         0.0100
       -24.950      29.100         0.0100
       -24.900      29.100         0.0100
       -27.100      29.150         4.8628
       -27.050      29.150         5.1665
       -27.000      29.150         5.4035
       -26.950      29.150         5.6034
       -26.900      29.150         5.7754
       -26.850      29.150         5.9211
       -26.800      29.150         6.0521
       -26.750      29.150         6.1644
       -26.700      29.150         6.2532
       -26.650      29.150         6.3175
       -26.600      29.150         6.3562
       -26.550      29.150         6.3747
       -26.500      29.150         6.3803
       -26.450      29.150         6.3766
       -26.400      29.150         6.3707
       -26.350      29.150         6.3714
       -26.300      29.150         6.3847
       -26.250      29.150         6.4085
       -26.200      29.150         6.4424
       -26.150      29.150         6.4834
       -26.100      29.150         6.5289
       -26.050      29.150         6.5751
       -26.000      29.150         6.6193
       -25.950      29.150         6.6564
       -25.900      29.150         6.6807
       -25.850      29.150         6.6871
       -25.800      29.150         6.6738
       -25.750      29.150         6.6279
       -25.700      29.150         6.5490
       -25.650      29.150         6.4321
       -25.600      29.150         6.2715
       -25.550      29.150         6.0579
       -25.500      29.150         5.7878
       -25.450      29.150         5.4509
       -25.400      29.150         5.0215
       -25.350      29.150         4.4048
       -25.300      29.150         2.7100
       -25.250      29.150         0.0100
       -25.200      29.150         0.0100
       -25.150      29.150         0.0100
       -25.100      29.150         0.0100
       -25.050      29.150         0.0100
       -25.000      29.150         0.0100
       -24.950      29.150         0.0100
       -24.900      29.150         0.0100
       -27.100      29.200         4.7516
       -27.050      29.200         5.0747
       -27.000      29.200         5.3248
       -26.950      29.200         5.5300
       -26.900      29.200         5.7086
       -26.850      29.200         5.8638
       -26.800      29.200         5.9980
       -26.750      29.200         6.1152
       -26.700      29.200         6.2023
       -26.650      29.200         6.2689
       -26.600      29.200         6.3100
       -26.550      29.200         6.3308
       -26.500      29.200         6.3386
       -26.450      29.200         6.3380
       -26.400      29.200         6.3363
       -26.350      29.200         6.3424
       -26.300      29.200         6.3596
       -26.250      29.200         6.3874
       -26.200      29.200         6.4243
       -26.150      29.200         6.4688
       -26.100      29.200         6.5142
       -26.050      29.200         6.5596
       -26.000      29.200         6.6039
       -25.950      29.200         6.6405
       -25.900      29.200         6.6620
       -25.850      29.200         6.6671
       -25.800      29.200         6.6506
       -25.750      29.200         6.6040
       -25.700      29.200         6.5225
       -25.650      29.200         6.4012
       -25.600      29.200         6.2378
       -25.550      29.200         6.0174
       -25.500      29.200         5.7325
       -25.450      29.200         5.3815
       -25.400      29.200         4.9127
       -25.350      29.200         4.1905
       -25.300      29.200         0.0100
       -25.250      29.200         0.0100
       -25.200      29.200         0.0100
       -25.150      29.200         0.0100
       -25.100      29.200         0.0001
       -25.050      29.200         0.0001
       -25.000      29.200         0.0001
       -24.950      29.200         0.0001
       -24.900      29.200         0.0001
       -27.100      29.250         4.5589
       -27.050      29.250         4.9233
       -27.000      29.250         5.1868
       -26.950      29.250         5.4051
       -26.900      29.250         5.5881
       -26.850      29.250         5.7533
       -26.800      29.250         5.8951
       -26.750      29.250         6.0191
       -26.700      29.250         6.1119
       -26.650      29.250         6.1828
       -26.600      29.250         6.2277
       -26.550      29.250         6.2534
       -26.500      29.250         6.2650
       -26.450      29.250         6.2674
       -26.400      29.250         6.2700
       -26.350      29.250         6.2808
       -26.300      29.250         6.3027
       -26.250      29.250         6.3342
       -26.200      29.250         6.3729
       -26.150      29.250         6.4188
       -26.100      29.250         6.4640
       -26.050      29.250         6.5080
       -26.000      29.250         6.5519
       -25.950      29.250         6.5885
       -25.900      29.250         6.6084
       -25.850      29.250         6.6105
       -25.800      29.250         6.5909
       -25.750      29.250         6.5408
       -25.700      29.250         6.4557
       -25.650      29.250         6.3284
       -25.600      29.250         6.1544
       -25.550      29.250         5.9217
       -25.500      29.250         5.6200
       -25.450      29.250         5.2400
       -25.400      29.250         4.7185
       -25.350      29.250         3.6453
       -25.300      29.250         0.0100
       -25.250      29.250         0.0100
       -25.200      29.250         0.0100
       -25.150      29.250         0.0100
       -25.100      29.250         0.0001
       -25.050      29.250         0.0001
       -25.000      29.250         0.0001
       -24.950      29.250         0.0001
       -24.900      29.250         0.0001
       -27.100      29.300         4.2656
       -27.050      29.300         4.6883
       -27.000      29.300         4.9780
       -26.950      29.300         5.2162
       -26.900      29.300         5.4135
       -26.850      29.300         5.5921
       -26.800      29.300         5.7462
       -26.750      29.300         5.8766
       -26.700      29.300         5.9759
       -26.650      29.300         6.0534
       -26.600      29.300         6.1032
       -26.550      29.300         6.1348
       -26.500      29.300         6.1513
       -26.450      29.300         6.1583
       -26.400      29.300         6.1658
       -26.350      29.300         6.1808
       -26.300      29.300         6.2058
       -26.250      29.300         6.2400
       -26.200      29.300         6.2800
       -26.150      29.300         6.3270
       -26.100      29.300         6.3716
       -26.050      29.300         6.4143
       -26.000      29.300         6.4553
       -25.950      29.300         6.4909
       -25.900      29.300         6.5100
       -25.850      29.300         6.5100
       -25.800      29.300         6.4863
       -25.750      29.300         6.4319
       -25.700      29.300         6.3416
       -25.650      29.300         6.2104
       -25.600      29.300         6.0264
       -25.550      29.300         5.7789
       -25.500      29.300         5.4515
       -25.450      29.300         5.0235
       -25.400      29.300         4.4032
       -25.350      29.300         0.0100
       -25.300      29.300         0.0100
       -25.250      29.300         0.0100
       -25.200      29.300         0.0100
       -25.150      29.300         0.0100
       -25.100      29.300         0.0001
       -25.050      29.300         0.0001
       -25.000      29.300         0.0001
       -24.950      29.300         0.0001
       -24.900      29.300         0.0001
